%% Hamil_PBC: function description

function [H] = H_soc()

%% parameters

s1=2.0666;
s2=0.3197;
s3=0.3632;

%%
H=zeros(40,40);

%% Bi1
H(2,3)=-1i*s1./3; % px-py
H(3,2)=H(2,3)';

H(22,23)=1i*s1./3; % px-py
H(23,22)=H(22,23)';

H(2,24)=s1./3;  % px-pz
H(24,2)=H(2,24)';

H(3,24)=-1i*s1./3; % py-pz
H(24,3)=H(3,24)';

H(4,22)=-s1./3; % pz-px
H(22,4)=H(4,22)';

H(4,23)=1i*s1./3; % pz-py
H(23,4)=H(4,23)';


%% Bi2
H(6,7)=-1i*s1./3;
H(7,6)=H(6,7)';

H(26,27)=1i*s1./3;
H(27,26)=H(26,27)';

H(6,28)=s1./3;  % px-pz
H(28,6)=H(6,28)';

H(7,28)=-1i*s1./3; % py-pz
H(28,7)=H(7,28)';

H(8,26)=-s1./3; % pz-px
H(26,8)=H(8,26)';

H(8,27)=1i*s1./3; % pz-py
H(27,8)=H(8,27)';

%% Se1
H(10,11)=-1i*s2./3;
H(11,10)=H(10,11)';

H(30,31)=1i*s2./3;
H(31,30)=H(30,31)';

H(10,32)=s2./3;  % px-pz
H(32,10)=H(10,32)';

H(11,32)=-1i*s2./3; % py-pz
H(32,11)=H(11,32)';

H(12,30)=-s2./3; % pz-px
H(30,12)=H(12,30)';

H(12,31)=1i*s2./3; % pz-py
H(31,12)=H(12,31)';

%% Se2
H(14,15)=-1i*s2./3;
H(15,14)=H(14,15)';

H(34,35)=1i*s2./3;
H(35,34)=H(34,35)';

H(14,36)=s2./3;  % px-pz
H(36,14)=H(14,36)';

H(15,36)=-1i*s2./3; % py-pz
H(36,15)=H(15,36)';

H(16,34)=-s2./3; % pz-px
H(34,16)=H(16,34)';

H(16,35)=1i*s2./3; % pz-py
H(35,16)=H(16,35)';

%% Se3
H(18,19)=-1i*s3./3;
H(19,18)=H(18,19)';

H(38,39)=1i*s3./3;
H(39,38)=H(38,39)';

H(18,40)=s3./3;  % px-pz
H(40,18)=H(18,40)';

H(19,40)=-1i*s3./3; % py-pz
H(40,19)=H(19,40)';

H(20,38)=-s3./3; % pz-px
H(38,20)=H(20,38)';

H(20,39)=1i*s3./3; % pz-py
H(39,20)=H(20,39)';
